131869 280 835701
163179 280 835701
173115 280 835701
209620 280 835701
228956 280 835701
229785 280 835701
233489 280 835701
240878 280 835701
241458 280 835701
243480 280 835701
247936 280 835701
250540 280 835701
267594 280 835701
268741 280 835701
273441 280 835701
273643 280 835701
287883 280 835701
291558 280 835701
415050 280 835701
440100 280 835701
452418 280 835701
466656 280 835701
487360 280 835701
491584 280 835701
575667 280 835701
626253 280 835701
757667 280 835701
781610 280 835701
837368 280 835701
1053905 280 835701
1296353 280 835701
1436321 280 835701
1441271 280 835701
1444705 280 835701
1450904 280 835701
1452347 280 835701
1557224 280 835701
1818800 280 835701
2258209 280 835701
2311195 280 835701
2370756 280 835701
2633010 280 835701
2647101 280 835701
2653502 280 835701
2662306 280 835701
2679838 280 835701
2682806 280 835701
3477611 280 835701
3718775 280 835701
3789565 280 835701
3813026 280 835701
3813209 280 835701
3814805 280 835701
3903462 280 835701
4001877 280 835701
5195916 280 835701
10238820 280 835701
10239168 280 835701
11347420 280 835701
11349090 280 835701
11349096 280 835701
11349099 280 835701
11350534 280 835701
12063204 280 835701
12510960 280 835701
12817493 280 835701
13769831 280 835701
13832652 280 835701
13832775 280 835701
13833237 280 835701
13833363 280 835701
13834231 280 835701
13834377 280 835701
14562753 280 835701
14593564 280 835701
14593565 280 835701
14593566 280 835701
14593567 280 835701
14606208 280 835701
14814611 280 835701
15312903 280 835701
15313531 280 835701
15314884 280 835701
15314988 280 835701
15322210 280 835701
15322215 280 835701
15322216 280 835701
15322217 280 835701
15322218 280 835701
15322219 280 835701
15322220 280 835701
15322221 280 835701
15322222 280 835701
15322223 280 835701
15322224 280 835701
15322225 280 835701
15322226 280 835701
15322227 280 835701
15322228 280 835701
15322229 280 835701
15322230 280 835701
15322231 280 835701
15322232 280 835701
15322233 280 835701
15322234 280 835701
15322235 280 835701
15322236 280 835701
15322237 280 835701
15322238 280 835701
15322239 280 835701
15322240 280 835701
15322241 280 835701
15322242 280 835701
